! Network Analyzer HP8720ES.07.62: Oct 06, 1999 Serial No. US39172126
! Hewlett-Packard
! 10 Feb 2011  10:57:35
! Frequency       S11                S21                S12                S22
# HZ  S  DB R  1 
3600000000  -8.4707   -37.496   -5.5692    104.69   -5.5999    104.72   -6.7004    45.36   
3601000000  -8.4741   -40.52   -5.5829    101.45   -5.6316    101.47   -6.7325    39.646   
3602000000  -8.4995   -43.34   -5.601    98.115   -5.6304    98.142   -6.7178    33.673   
3603000000  -8.5407   -46.387   -5.6376    94.787   -5.6648    94.853   -6.7426    28.019   
3604000000  -8.5567   -49.224   -5.671    91.763   -5.6842    91.53   -6.7647    22.059   
3605000000  -8.588   -52.224   -5.7029    88.419   -5.7295    88.272   -6.7922    16.337   
3606000000  -8.627   -55.129   -5.7359    85.165   -5.7539    85.015   -6.8326    10.605   
3607000000  -8.6402   -58.221   -5.7754    81.968   -5.7738    81.774   -6.8504    4.8038   
3608000000  -8.654   -61.258   -5.7932    78.532   -5.808    78.585   -6.8968   -1.041   
3609000000  -8.7086   -64.314   -5.8502    75.41   -5.8361    75.381   -6.9344   -7.0148   
3610000000  -8.7316   -67.304   -5.8785    72.234   -5.873    72.198   -6.9894   -12.872   
3611000000  -8.7616   -70.348   -5.9163    69.159   -5.9208    69.033   -7.0401   -18.865   
3612000000  -8.8009   -73.527   -5.9649    65.815   -5.9662    65.766   -7.0873   -24.877   
3613000000  -8.833   -76.599   -5.9924    62.818   -5.9805    62.596   -7.1232   -30.942   
3614000000  -8.8632   -79.663   -6.0386    59.641   -6.0097    59.461   -7.1808   -37.123   
3615000000  -8.8988   -82.741   -6.0678    56.544   -6.0595    56.25   -7.2258   -43.194   
3616000000  -8.9265   -85.934   -6.1201    53.345   -6.1028    53.108   -7.274   -49.563   
3617000000  -8.9728   -89.081   -6.1483    50.29   -6.1355    49.912   -7.306   -55.745   
3618000000  -9.0027   -92.203   -6.2006    47.243   -6.1936    46.899   -7.3396   -62.111   
3619000000  -9.0354   -95.446   -6.2413    44.201   -6.2257    43.837   -7.3738   -68.496   
3620000000  -9.0716   -98.616   -6.2945    41.133   -6.2713    40.737   -7.4204   -74.519   
3621000000  -9.1023   -101.83   -6.338    38.055   -6.3024    37.702   -7.4662   -80.928   
3622000000  -9.1329   -105.04   -6.3547    34.946   -6.3591    34.643   -7.4811   -87.344   
3623000000  -9.1667   -108.3   -6.4058    32.098   -6.4155    31.715   -7.517   -93.532   
3624000000  -9.2015   -111.53   -6.4675    29.152   -6.441    28.761   -7.5571   -99.989   
3625000000  -9.2237   -114.86   -6.4892    26.228   -6.5037    25.832   -7.6015   -106.29   
3626000000  -9.2635   -118.14   -6.5331    23.221   -6.5358    23.019   -7.6543   -112.8   
3627000000  -9.298   -121.52   -6.5838    20.425   -6.5962    20.148   -7.6988   -119.29   
3628000000  -9.3445   -124.83   -6.6316    17.553   -6.6074    17.324   -7.7467   -125.7   
3629000000  -9.3724   -128.3   -6.6446    14.702   -6.6548    14.458   -7.8172   -132.34   
3630000000  -9.4211   -131.68   -6.6809    12.049   -6.6943    11.764   -7.8666   -138.9   
3631000000  -9.4548   -135.11   -6.7068    9.2862   -6.7003    9.0294   -7.9361   -145.7   
3632000000  -9.5047   -138.61   -6.7255    6.5259   -6.7227    6.2457   -7.9937   -152.58   
3633000000  -9.5534   -142.12   -6.7355    3.907   -6.7402    3.6681   -8.0599   -159.45   
3634000000  -9.5976   -145.67   -6.7481    1.2511   -6.7495    1.0025   -8.1086   -166.08   
3635000000  -9.6518   -149.39   -6.747   -1.4021   -6.7528   -1.6177   -8.1605   -173.09   
3636000000  -9.7181   -152.82   -6.7288   -3.9977   -6.7381   -4.2284   -8.2084    179.82   
3637000000  -9.7977   -156.53   -6.7173   -6.6151   -6.7151   -6.9131   -8.2553    172.81   
3638000000  -9.8579   -160.19   -6.6765   -9.3604   -6.6923   -9.5883   -8.2558    165.55   
3639000000  -9.924   -163.97   -6.6357   -12.059   -6.6405   -12.303   -8.2611    158.48   
3640000000  -10.01   -167.73   -6.5821   -14.709   -6.5856   -14.929   -8.2926    151.58   
3641000000  -10.099   -171.49   -6.5439   -17.353   -6.5414   -17.542   -8.2764    144.46   
3642000000  -10.198   -175.33   -6.4926   -20.098   -6.4617   -20.369   -8.267    137.53   
3643000000  -10.295   -179.12   -6.4245   -22.757   -6.4259   -23.023   -8.2535    130.69   
3644000000  -10.411    177   -6.3471   -25.863   -6.3227   -26.036   -8.2211    123.66   
3645000000  -10.529    173.11   -6.2692   -28.768   -6.2698   -28.843   -8.1982    117.09   
3646000000  -10.655    169.25   -6.1963   -31.598   -6.1768   -31.869   -8.1447    110.27   
3647000000  -10.79    165.37   -6.09   -34.551   -6.0856   -34.814   -8.0944    103.61   
3648000000  -10.931    161.53   -5.9923   -37.786   -6.0009   -37.875   -8.0298    96.972   
3649000000  -11.079    157.6   -5.9159   -40.757   -5.9234   -41.019   -7.9714    90.435   
3650000000  -11.214    153.72   -5.8398   -43.925   -5.8172   -44.157   -7.9017    83.783   
3651000000  -11.354    149.74   -5.76   -47.118   -5.7459   -47.355   -7.8342    77.315   
3652000000  -11.517    145.79   -5.6741   -50.394   -5.6555   -50.606   -7.7571    70.737   
3653000000  -11.676    141.89   -5.6038   -53.8   -5.5869   -53.942   -7.7002    64.304   
3654000000  -11.824    137.93   -5.5314   -57.019   -5.5058   -57.345   -7.6097    57.643   
3655000000  -11.978    133.99   -5.4435   -60.503   -5.423   -60.708   -7.5064    51.287   
3656000000  -12.159    130.02   -5.3812   -63.94   -5.3622   -64.048   -7.4342    44.563   
3657000000  -12.312    126.12   -5.3245   -67.342   -5.3035   -67.537   -7.3298    37.903   
3658000000  -12.48    122.11   -5.2717   -70.751   -5.2571   -71.01   -7.2509    31.274   
3659000000  -12.636    118.17   -5.2149   -74.302   -5.1852   -74.522   -7.1456    24.478   
3660000000  -12.803    114.12   -5.164   -77.834   -5.1369   -78.069   -7.0253    17.798   
3661000000  -12.945    110.16   -5.1241   -81.35   -5.1026   -81.661   -6.9267    10.831   
3662000000  -13.111    106.14   -5.0943   -84.905   -5.0652   -85.242   -6.8073    4.4138   
3663000000  -13.258    102.2   -5.0633   -88.412   -5.0276   -88.724   -6.679   -2.5914   
3664000000  -13.417    98.192   -5.0315   -91.829   -4.9925   -92.299   -6.5588   -9.2464   
3665000000  -13.574    94.146   -4.991   -95.532   -4.9633   -95.839   -6.4254   -16.122   
3666000000  -13.721    90.07   -4.9838   -98.962   -4.9591   -99.406   -6.3007   -23.026   
3667000000  -13.858    86.181   -4.9694   -102.44   -4.9362   -102.93   -6.1765   -29.653   
3668000000  -14.002    82.064   -4.9438   -106.03   -4.924   -106.51   -6.0468   -36.315   
3669000000  -14.156    78.121   -4.9479   -109.47   -4.9348   -109.96   -5.9215   -43.146   
3670000000  -14.284    73.974   -4.9266   -113.16   -4.9089   -113.51   -5.7987   -49.826   
3671000000  -14.421    70.039   -4.9246   -116.57   -4.914   -117.1   -5.6744   -56.297   
3672000000  -14.568    65.939   -4.9124   -120.31   -4.9121   -120.49   -5.5698   -63.019   
3673000000  -14.679    61.93   -4.9351   -123.63   -4.9024   -124.13   -5.4644   -69.563   
3674000000  -14.819    57.949   -4.9045   -127.07   -4.9141   -127.64   -5.3508   -76.259   
3675000000  -14.961    54.034   -4.9283   -130.62   -4.9109   -131.02   -5.2676   -82.825   
3676000000  -15.089    49.941   -4.9312   -133.91   -4.9156   -134.52   -5.1851   -89.282   
3677000000  -15.22    45.981   -4.9207   -137.43   -4.9396   -137.97   -5.1061   -95.672   
3678000000  -15.347    42.061   -4.9386   -140.86   -4.953   -141.49   -5.0484   -102.21   
3679000000  -15.457    38.18   -4.9524   -144.4   -4.9493   -144.92   -4.9712   -108.65   
3680000000  -15.594    34.225   -4.9464   -147.74   -4.956   -148.37   -4.9087   -115.36   
3681000000  -15.713    30.325   -4.9556   -151.29   -4.9882   -151.78   -4.8549   -121.65   
3682000000  -15.847    26.327   -4.9588   -154.69   -4.9882   -155.18   -4.8005   -128.19   
3683000000  -15.964    22.573   -4.9756   -158.1   -5.0129   -158.64   -4.7503   -134.6   
3684000000  -16.088    18.542   -4.9811   -161.51   -5.0281   -162.08   -4.6923   -141.15   
3685000000  -16.214    14.804   -5.0065   -165.05   -5.0455   -165.35   -4.626   -147.51   
3686000000  -16.315    10.859   -5.0156   -168.35   -5.0579   -168.82   -4.5761   -153.89   
3687000000  -16.46    7.0903   -5.0345   -171.77   -5.0681   -172.18   -4.516   -160.29   
3688000000  -16.575    3.1833   -5.061   -175.13   -5.1036   -175.58   -4.463   -166.47   
3689000000  -16.661   -.6729   -5.0633   -178.67   -5.1391   -178.76   -4.4028   -172.65   
3690000000  -16.788   -4.4316   -5.0848    178.1   -5.1426    177.68   -4.3551   -178.98   
3691000000  -16.884   -8.3386   -5.0872    174.7   -5.1346    174.46   -4.2683    174.9   
3692000000  -17.019   -12.196   -5.1237    171.4   -5.1699    171.11   -4.2347    168.97   
3693000000  -17.112   -15.986   -5.1293    168.08   -5.1926    167.79   -4.1894    162.85   
3694000000  -17.247   -20.115   -5.1583    164.55   -5.2039    164.4   -4.1243    156.77   
3695000000  -17.357   -23.978   -5.1572    161.09   -5.2243    161.05   -4.0956    150.91   
3696000000  -17.475   -27.909   -5.1895    157.91   -5.2437    157.8   -4.0577    145.2   
3697000000  -17.591   -31.875   -5.2263    154.69   -5.2531    154.44   -4.021    139.24   
3698000000  -17.723   -35.844   -5.2497    151.25   -5.2697    151.13   -3.9797    133.48   
3699000000  -17.831   -39.803   -5.2555    147.88   -5.2932    147.89   -3.9515    127.63   
3700000000  -17.936   -43.753   -5.2717    144.53   -5.3038    144.6   -3.9123    121.86   
3701000000  -18.073   -47.693   -5.2981    141.19   -5.322    141.22   -3.8818    116.08   
3702000000  -18.186   -51.747   -5.3251    137.94   -5.3429    137.93   -3.8658    110.38   
3703000000  -18.288   -55.853   -5.3503    134.64   -5.3615    134.55   -3.8582    104.52   
3704000000  -18.414   -59.943   -5.3669    131.21   -5.3705    131.38   -3.8408    98.974   
3705000000  -18.523   -63.912   -5.3752    127.97   -5.3909    128   -3.8283    93.15   
3706000000  -18.642   -68.086   -5.4052    124.56   -5.395    124.74   -3.8014    87.361   
3707000000  -18.75   -71.941   -5.4106    121.37   -5.4276    121.33   -3.7691    81.666   
3708000000  -18.858   -76.027   -5.4473    118   -5.4475    118.08   -3.7541    75.943   
3709000000  -18.99   -80.09   -5.4489    114.62   -5.4618    114.7   -3.7501    70.194   
3710000000  -19.088   -84.257   -5.4858    111.45   -5.484    111.32   -3.726    64.492   
3711000000  -19.193   -88.187   -5.5044    108.08   -5.4927    108.08   -3.7115    58.664   
3712000000  -19.277   -92.351   -5.5338    104.64   -5.513    104.8   -3.676    53.149   
3713000000  -19.398   -96.247   -5.5606    101.39   -5.5432    101.34   -3.6782    47.374   
3714000000  -19.46   -100.34   -5.5682    98.144   -5.5515    98.074   -3.647    41.777   
3715000000  -19.591   -104.17   -5.6046    94.669   -5.5831    94.801   -3.6412    36.252   
3716000000  -19.662   -108.29   -5.6208    91.369   -5.6061    91.397   -3.6294    30.546   
3717000000  -19.731   -112.12   -5.6502    88.261   -5.6139    88.094   -3.6161    24.975   
3718000000  -19.8   -116.41   -5.6596    84.867   -5.6508    84.714   -3.6018    19.377   
3719000000  -19.927   -119.99   -5.6885    81.508   -5.6807    81.457   -3.5974    13.833   
3720000000  -19.963   -124.06   -5.728    78.309   -5.7062    78.069   -3.602    8.373   
3721000000  -20.05   -127.91   -5.7517    75.008   -5.7271    74.77   -3.6088    2.8043   
3722000000  -20.125   -131.98   -5.7642    71.835   -5.7473    71.565   -3.6013   -2.4939   
3723000000  -20.201   -135.66   -5.7933    68.413   -5.7789    68.22   -3.6188   -7.9939   
3724000000  -20.279   -139.68   -5.8231    65.127   -5.8127    65.035   -3.6451   -13.46   
3725000000  -20.354   -143.31   -5.8257    61.859   -5.8356    61.771   -3.675   -18.928   
3726000000  -20.407   -147.34   -5.8691    58.574   -5.8466    58.391   -3.679   -24.447   
3727000000  -20.51   -151.05   -5.8946    55.374   -5.8767    55.138   -3.7153   -29.913   
3728000000  -20.56   -155.1   -5.9313    51.915   -5.9143    51.844   -3.7607   -35.421   
3729000000  -20.639   -158.7   -5.942    48.764   -5.9251    48.472   -3.8328   -40.993   
3730000000  -20.71   -162.63   -5.9791    45.471   -5.9531    45.269   -3.8684   -46.452   
3731000000  -20.8   -166.25   -6.0143    42.319   -5.9907    41.951   -3.9391   -52.166   
3732000000  -20.895   -170.22   -6.0409    39   -6.0184    38.671   -3.9971   -57.836   
3733000000  -20.965   -174.06   -6.0546    35.785   -6.0373    35.322   -4.0638   -63.485   
3734000000  -21.023   -177.69   -6.1022    32.421   -6.0715    32.035   -4.1305   -69.031   
3735000000  -21.107    178.44   -6.1245    29.302   -6.1094    28.816   -4.2188   -74.685   
3736000000  -21.186    174.56   -6.1506    26.049   -6.1394    25.501   -4.2833   -80.582   
3737000000  -21.274    170.55   -6.1906    22.718   -6.1686    22.315   -4.3567   -86.256   
3738000000  -21.33    166.81   -6.2037    19.469   -6.1882    19.015   -4.4388   -91.984   
3739000000  -21.448    162.86   -6.2368    16.361   -6.2368    15.728   -4.5256   -97.74   
3740000000  -21.51    159.15   -6.2609    13.103   -6.2726    12.504   -4.6001   -103.41   
3741000000  -21.581    155.16   -6.2836    9.808   -6.3    9.3178   -4.6883   -109.27   
3742000000  -21.651    151.11   -6.309    6.5671   -6.3238    6.0439   -4.7764   -114.85   
3743000000  -21.735    147.28   -6.3452    3.4167   -6.3706    2.8798   -4.8521   -120.61   
3744000000  -21.806    143.27   -6.3774    .2224   -6.4083   -.3337   -4.9667   -126.16   
3745000000  -21.884    139.15   -6.3945   -3.0542   -6.4206   -3.5252   -5.0578   -131.87   
3746000000  -21.962    135.12   -6.4371   -6.2897   -6.4489   -6.7346   -5.1745   -137.45   
3747000000  -21.967    131.49   -6.4441   -9.4647   -6.4768   -9.9028   -5.2839   -142.97   
3748000000  -22.045    127.25   -6.4762   -12.625   -6.5058   -13.127   -5.401   -148.52   
3749000000  -22.09    123.46   -6.5029   -15.875   -6.5337   -16.227   -5.5261   -154.06   
3750000000  -22.133    119.36   -6.5281   -19.089   -6.5544   -19.429   -5.6669   -159.3   
3751000000  -22.146    115.33   -6.5465   -22.253   -6.5786   -22.646   -5.8132   -164.98   
3752000000  -22.149    111.25   -6.5661   -25.661   -6.6073   -25.892   -5.9702   -170.45   
3753000000  -22.158    107.29   -6.5803   -28.776   -6.6306   -29.107   -6.1381   -175.87   
3754000000  -22.153    103.25   -6.5978   -32.018   -6.6476   -32.259   -6.3055    178.58   
3755000000  -22.146    99.289   -6.621   -35.309   -6.6587   -35.358   -6.4661    173.17   
3756000000  -22.114    95.039   -6.643   -38.426   -6.6658   -38.701   -6.6581    167.55   
3757000000  -22.123    91.292   -6.6724   -41.655   -6.6967   -41.843   -6.8441    161.85   
3758000000  -22.057    87.387   -6.674   -44.99   -6.7216   -45.065   -7.0174    156.2   
3759000000  -22.043    83.506   -6.7063   -48.187   -6.7315   -48.248   -7.2185    150.54   
3760000000  -21.982    79.6   -6.7287   -51.364   -6.7605   -51.515   -7.3978    144.8   
3761000000  -21.933    75.737   -6.7409   -54.658   -6.7768   -54.827   -7.5816    139.13   
3762000000  -21.873    71.857   -6.7584   -57.982   -6.7934   -58.075   -7.7377    133.3   
3763000000  -21.843    68.161   -6.7849   -61.315   -6.8068   -61.253   -7.9012    127.59   
3764000000  -21.747    64.357   -6.8218   -64.574   -6.8221   -64.564   -8.0628    121.86   
3765000000  -21.709    60.669   -6.8328   -68.022   -6.8391   -67.812   -8.2203    116.07   
3766000000  -21.654    57.011   -6.8594   -71.161   -6.8747   -71.119   -8.3557    110.29   
3767000000  -21.601    53.35   -6.8712   -74.324   -6.8816   -74.426   -8.4772    104.4   
3768000000  -21.522    49.904   -6.8864   -77.561   -6.9034   -77.628   -8.6252    99.069   
3769000000  -21.471    46.439   -6.9187   -80.972   -6.9342   -80.983   -8.7383    93.293   
3770000000  -21.416    42.996   -6.9502   -84.268   -6.9488   -84.332   -8.863    87.756   
3771000000  -21.37    39.554   -6.9727   -87.488   -6.9734   -87.553   -8.9797    81.95   
3772000000  -21.29    36.322   -6.9892   -90.895   -6.9954   -90.872   -9.0534    76.279   
3773000000  -21.264    33   -7.0187   -94.048   -7.0237   -94.202   -9.1592    70.704   
3774000000  -21.207    29.763   -7.0588   -97.495   -7.0432   -97.505   -9.2658    65.223   
3775000000  -21.164    26.542   -7.0682   -100.76   -7.0709   -100.73   -9.3431    59.569   
3776000000  -21.118    23.347   -7.1084   -103.93   -7.0899   -104.11   -9.4172    53.65   
3777000000  -21.071    20.212   -7.1243   -107.28   -7.1306   -107.5   -9.4932    48.073   
3778000000  -21.036    17.085   -7.1601   -110.65   -7.1643   -110.77   -9.5716    42.144   
3779000000  -21.038    13.786   -7.1922   -113.89   -7.1684   -114.17   -9.6386    36.182   
3780000000  -20.985    11.172   -7.2265   -117.44   -7.2197   -117.44   -9.6665    30.418   
3781000000  -20.975    7.9321   -7.2637   -120.42   -7.2568   -120.78   -9.6799    24.112   
3782000000  -20.945    4.9356   -7.2912   -123.97   -7.275   -124.24   -9.6788    18.02   
3783000000  -20.981    2.2906   -7.3404   -127.26   -7.3712   -127.41   -9.6812    11.494   
3784000000  -20.812   -.4710   -7.3479   -130.33   -7.3459   -130.52   -9.7205    5.5399   
3785000000  -20.845   -4.0746   -7.3791   -133.86   -7.3826   -134.02   -9.6147   -.6578   
3786000000  -20.803   -7.2482   -7.4335   -137.18   -7.4047   -137.41   -9.545   -7.3389   
3787000000  -20.801   -10.396   -7.4722   -140.51   -7.4589   -140.74   -9.5495   -13.392   
3788000000  -20.8   -13.398   -7.5018   -143.91   -7.5085   -144.16   -9.4055   -19.834   
3789000000  -20.828   -16.529   -7.5586   -147.22   -7.5436   -147.45   -9.2831   -26.366   
3790000000  -20.812   -19.648   -7.5862   -150.61   -7.5888   -150.76   -9.1491   -32.882   
3791000000  -20.852   -22.853   -7.6347   -153.9   -7.641   -154.12   -8.9863   -39.658   
3792000000  -20.855   -26.022   -7.7022   -157.17   -7.6749   -157.54   -8.8284   -46.463   
3793000000  -20.866   -29.406   -7.7299   -160.64   -7.7176   -160.88   -8.6717   -53.384   
3794000000  -20.922   -32.716   -7.7904   -163.84   -7.7758   -164.1   -8.4864   -60.422   
3795000000  -20.94   -35.625   -7.8244   -167.2   -7.8217   -167.47   -8.2825   -67.543   
3796000000  -20.982   -38.828   -7.8995   -170.4   -7.8661   -170.77   -8.0629   -74.861   
3797000000  -21.024   -41.962   -7.9562   -173.76   -7.9283   -174.15   -7.8402   -82.152   
3798000000  -21.018   -45.477   -7.975   -177   -7.9697   -177.45   -7.5941   -89.594   
3799000000  -21.078   -48.737   -8.0354    179.68   -8.0319    179.16   -7.3294   -97.333   
3800000000  -21.101   -52.1   -8.1025    176.42   -8.089    175.83   -7.0729   -104.86   

