! Network Analyzer HP8720ES.07.62: Oct 06, 1999 Serial No. US39172126
! Hewlett-Packard
! 10 Feb 2011  10:48:15
! Frequency       S11                S21                S12                S22
# HZ  S  DB R  1 
3600000000  -8.4584   -37.51   -5.6767    15.601   -5.6912    15.48   -5.3696    79.33   
3601000000  -8.4915   -40.529   -5.6046    11.313   -5.6539    11.29   -5.4658    73.761   
3602000000  -8.5011   -43.426   -5.5354    6.9008   -5.5554    6.964   -5.5291    68.253   
3603000000  -8.5497   -46.449   -5.4731    2.7521   -5.4962    2.726   -5.6086    62.625   
3604000000  -8.5671   -49.397   -5.4272   -1.3087   -5.4383   -1.5271   -5.7079    57.059   
3605000000  -8.6093   -52.281   -5.3539   -5.6277   -5.3721   -5.7596   -5.7844    51.207   
3606000000  -8.6334   -55.308   -5.2954   -9.9509   -5.3056   -10.051   -5.8991    45.552   
3607000000  -8.6671   -58.335   -5.2351   -14.211   -5.2518   -14.413   -6.003    39.74   
3608000000  -8.6935   -61.455   -5.1779   -18.524   -5.1776   -18.708   -6.116    33.838   
3609000000  -8.7315   -64.451   -5.1151   -22.869   -5.1053   -23.019   -6.2342    27.675   
3610000000  -8.7588   -67.412   -5.0362   -27.21   -5.038   -27.422   -6.3561    21.514   
3611000000  -8.795   -70.48   -4.9788   -31.555   -4.9704   -31.687   -6.4943    15.281   
3612000000  -8.8212   -73.558   -4.9125   -35.87   -4.9073   -36.219   -6.6253    8.9072   
3613000000  -8.8503   -76.679   -4.8458   -40.31   -4.8334   -40.571   -6.7715    2.3126   
3614000000  -8.8971   -79.755   -4.787   -44.702   -4.758   -44.957   -6.9367   -4.4041   
3615000000  -8.9227   -82.853   -4.7095   -49.103   -4.6908   -49.417   -7.0761   -11.251   
3616000000  -8.961   -85.971   -4.6502   -53.58   -4.6372   -53.906   -7.2513   -18.294   
3617000000  -8.9906   -89.131   -4.5646   -58.055   -4.5453   -58.512   -7.4046   -25.512   
3618000000  -9.0211   -92.245   -4.4948   -62.471   -4.5037   -62.924   -7.5636   -32.929   
3619000000  -9.0568   -95.403   -4.4447   -67.018   -4.4162   -67.434   -7.731   -40.468   
3620000000  -9.0872   -98.601   -4.3624   -71.55   -4.3503   -71.954   -7.8914   -48.069   
3621000000  -9.1292   -101.76   -4.3023   -76.097   -4.2719   -76.605   -8.0603   -56.227   
3622000000  -9.1519   -104.98   -4.2215   -80.776   -4.2062   -81.208   -8.2106   -64.46   
3623000000  -9.1851   -108.2   -4.1608   -85.244   -4.1508   -85.81   -8.3813   -72.76   
3624000000  -9.2153   -111.45   -4.1075   -89.952   -4.0762   -90.456   -8.5263   -81.582   
3625000000  -9.2458   -114.71   -4.0291   -94.66   -4.0365   -95.099   -8.6934   -90.445   
3626000000  -9.2874   -117.98   -3.9741   -99.358   -3.9467   -99.702   -8.8342   -99.761   
3627000000  -9.3196   -121.37   -3.9148   -104.09   -3.9221   -104.47   -8.9775   -109.28   
3628000000  -9.3567   -124.64   -3.8684   -108.75   -3.8551   -109.2   -9.0833   -119.08   
3629000000  -9.3669   -127.95   -3.7967   -113.53   -3.8151   -113.97   -9.1816   -129.24   
3630000000  -9.4201   -131.41   -3.7477   -118.31   -3.7467   -118.74   -9.2022   -139.7   
3631000000  -9.4473   -134.79   -3.7011   -123.03   -3.7261   -123.63   -9.2345   -150.48   
3632000000  -9.4978   -138.32   -3.666   -128.08   -3.6779   -128.36   -9.1856   -161.47   
3633000000  -9.5415   -141.9   -3.6372   -132.72   -3.6469   -133.18   -9.0913   -172.58   
3634000000  -9.5838   -145.43   -3.6106   -137.63   -3.6163   -138.07   -8.9546    176.17   
3635000000  -9.6325   -148.89   -3.5939   -142.44   -3.5963   -142.91   -8.7479    165.2   
3636000000  -9.6947   -152.61   -3.5675   -147.39   -3.5814   -147.79   -8.5294    153.97   
3637000000  -9.7554   -156.28   -3.5689   -152.27   -3.5768   -152.75   -8.2532    143.19   
3638000000  -9.8264   -160.08   -3.5706   -157.26   -3.5858   -157.51   -7.9171    132.23   
3639000000  -9.894   -163.82   -3.5726   -162.1   -3.5817   -162.43   -7.5765    121.89   
3640000000  -9.984   -167.65   -3.5969   -166.8   -3.5999   -167.26   -7.2226    111.66   
3641000000  -10.077   -171.46   -3.6303   -171.61   -3.6292   -172   -6.8633    101.81   
3642000000  -10.166   -175.26   -3.6659   -176.41   -3.6548   -176.8   -6.5233    92.129   
3643000000  -10.273   -179.19   -3.7116    178.87   -3.7023    178.43   -6.172    82.686   
3644000000  -10.382    177   -3.7419    174.05   -3.7359    173.78   -5.8508    73.626   
3645000000  -10.518    173.01   -3.8119    169.59   -3.8185    169.12   -5.5652    64.803   
3646000000  -10.646    169.18   -3.871    164.98   -3.852    164.54   -5.269    56.198   
3647000000  -10.792    165.28   -3.9243    160.55   -3.9078    160.02   -5.0072    47.756   
3648000000  -10.934    161.43   -3.971    155.87   -3.985    155.55   -4.7458    39.408   
3649000000  -11.092    157.53   -4.0368    151.67   -4.0474    151.25   -4.5249    31.303   
3650000000  -11.216    153.63   -4.1117    147.35   -4.1039    146.93   -4.3329    23.394   
3651000000  -11.37    149.72   -4.1858    143.05   -4.1761    142.64   -4.1576    15.585   
3652000000  -11.544    145.75   -4.2578    138.84   -4.244    138.4   -3.9995    7.8635   
3653000000  -11.695    141.89   -4.324    134.6   -4.3127    134.21   -3.8545    .3872   
3654000000  -11.824    137.95   -4.3896    130.56   -4.3753    130.08   -3.7369   -6.9818   
3655000000  -11.984    133.95   -4.4464    126.49   -4.4412    125.99   -3.6072   -14.433   
3656000000  -12.167    130.07   -4.5152    122.54   -4.4891    122.07   -3.5119   -21.61   
3657000000  -12.324    126.1   -4.572    118.54   -4.5631    118.2   -3.4386   -28.585   
3658000000  -12.471    122.09   -4.6305    114.64   -4.6161    114.2   -3.3677   -35.601   
3659000000  -12.635    118.16   -4.6768    110.74   -4.6898    110.4   -3.3106   -42.362   
3660000000  -12.801    114.27   -4.7457    107.14   -4.726    106.51   -3.2474   -49.198   
3661000000  -12.949    110.25   -4.7718    103.26   -4.7694    102.79   -3.1934   -55.918   
3662000000  -13.106    106.26   -4.8305    99.616   -4.835    98.904   -3.1817   -62.35   
3663000000  -13.257    102.15   -4.8653    95.743   -4.8529    95.253   -3.1391   -68.916   
3664000000  -13.411    98.26   -4.8842    92.234   -4.8951    91.542   -3.1084   -75.199   
3665000000  -13.57    94.246   -4.9213    88.583   -4.9124    87.887   -3.075   -81.418   
3666000000  -13.713    90.18   -4.9421    84.949   -4.9497    84.321   -3.068   -87.55   
3667000000  -13.853    86.104   -4.9614    81.465   -4.9639    80.689   -3.0689   -93.58   
3668000000  -14.011    82.12   -4.9691    77.787   -4.9798    77.119   -3.07   -99.535   
3669000000  -14.146    78.111   -4.993    74.233   -5.014    73.615   -3.0659   -105.43   
3670000000  -14.279    74.101   -4.9856    70.615   -5.0033    70.074   -3.0794   -111.21   
3671000000  -14.407    70.067   -4.9846    67.198   -5.012    66.452   -3.0905   -117.03   
3672000000  -14.555    65.994   -4.9693    63.36   -5.0143    63.033   -3.1132   -122.66   
3673000000  -14.675    62.033   -4.9894    60.053   -5.0166    59.477   -3.1614   -128.38   
3674000000  -14.797    58.002   -4.9616    56.529   -5.0206    55.96   -3.1761   -134.04   
3675000000  -14.937    54.029   -4.9584    52.965   -4.9822    52.46   -3.2088   -139.61   
3676000000  -15.065    49.984   -4.9239    49.47   -4.9832    48.921   -3.2515   -145.08   
3677000000  -15.198    46.089   -4.9242    46.012   -4.9611    45.39   -3.2759   -150.62   
3678000000  -15.333    42.032   -4.9039    42.472   -4.9493    41.953   -3.3259   -156.08   
3679000000  -15.448    38.175   -4.8792    38.823   -4.9323    38.449   -3.3792   -161.51   
3680000000  -15.584    34.209   -4.8403    35.357   -4.9013    34.978   -3.4155   -167.1   
3681000000  -15.678    30.276   -4.8209    32.05   -4.8824    31.48   -3.4681   -172.44   
3682000000  -15.823    26.321   -4.8005    28.468   -4.8471    28.006   -3.5045   -177.88   
3683000000  -15.946    22.455   -4.7633    24.927   -4.8275    24.537   -3.565    176.79   
3684000000  -16.061    18.542   -4.7357    21.429   -4.8001    20.969   -3.5998    171.33   
3685000000  -16.215    14.691   -4.7088    17.828   -4.7681    17.636   -3.648    165.99   
3686000000  -16.319    10.811   -4.6828    14.396   -4.7241    14.106   -3.7009    160.61   
3687000000  -16.445    6.8788   -4.6568    10.927   -4.702    10.546   -3.7518    155.16   
3688000000  -16.575    3.1009   -4.6324    7.3814   -4.6794    7.1741   -3.7976    150.08   
3689000000  -16.697   -.8253   -4.5889    3.8603   -4.6517    3.6942   -3.8457    144.77   
3690000000  -16.785   -4.6239   -4.5586    .4669   -4.6289    .2568   -3.9131    139.47   
3691000000  -16.935   -8.8234   -4.5307   -3.1174   -4.5689   -3.2231   -3.9263    134.13   
3692000000  -17.036   -12.522   -4.501   -6.5781   -4.5401   -6.7264   -4.0157    128.86   
3693000000  -17.158   -16.415   -4.4706   -10.057   -4.4998   -10.162   -4.0585    123.46   
3694000000  -17.284   -20.33   -4.447   -13.543   -4.4464   -13.572   -4.1013    118.32   
3695000000  -17.405   -24.181   -4.4022   -17.04   -4.4428   -17.119   -4.1811    113.14   
3696000000  -17.51   -28.125   -4.3756   -20.462   -4.3906   -20.426   -4.2273    107.83   
3697000000  -17.647   -32.091   -4.335   -23.787   -4.3528   -23.99   -4.2989    102.41   
3698000000  -17.735   -36.002   -4.31   -27.283   -4.3215   -27.393   -4.3494    97.277   
3699000000  -17.875   -40.11   -4.2585   -30.876   -4.2922   -30.832   -4.4286    91.994   
3700000000  -17.977   -43.998   -4.2252   -34.196   -4.2391   -34.309   -4.4609    86.486   
3701000000  -18.103   -47.951   -4.2106   -37.638   -4.2086   -37.787   -4.5242    81.08   
3702000000  -18.206   -51.835   -4.1804   -41.104   -4.1676   -41.12   -4.6043    75.94   
3703000000  -18.325   -55.905   -4.1423   -44.511   -4.1372   -44.654   -4.6684    70.34   
3704000000  -18.429   -60.046   -4.1187   -47.977   -4.0964   -47.979   -4.7388    64.979   
3705000000  -18.536   -64.016   -4.0682   -51.345   -4.0866   -51.5   -4.8165    59.494   
3706000000  -18.65   -68.165   -4.0343   -54.881   -4.0482   -54.838   -4.8851    54.006   
3707000000  -18.753   -72.12   -4.0159   -58.155   -3.9946   -58.307   -4.9313    48.484   
3708000000  -18.846   -76.197   -3.9828   -61.629   -3.9658   -61.713   -5.0113    42.95   
3709000000  -18.969   -80.116   -3.9605   -64.984   -3.9359   -65.106   -5.0753    37.318   
3710000000  -19.052   -84.409   -3.9103   -68.566   -3.8934   -68.618   -5.1447    31.663   
3711000000  -19.171   -88.443   -3.876   -71.859   -3.8773   -71.929   -5.25    25.985   
3712000000  -19.244   -92.502   -3.8478   -75.192   -3.8372   -75.357   -5.3009    20.494   
3713000000  -19.374   -96.218   -3.8311   -78.639   -3.8152   -78.749   -5.3615    14.742   
3714000000  -19.44   -100.46   -3.7927   -82.01   -3.7751   -82.115   -5.4406    9.0005   
3715000000  -19.532   -104.28   -3.7593   -85.372   -3.7456   -85.49   -5.5102    3.1064   
3716000000  -19.607   -108.44   -3.7312   -88.73   -3.7152   -88.951   -5.5778   -2.7617   
3717000000  -19.718   -112.36   -3.7004   -92.059   -3.6788   -92.357   -5.6521   -8.535   
3718000000  -19.781   -116.39   -3.6707   -95.453   -3.6504   -95.644   -5.729   -14.47   
3719000000  -19.901   -120.12   -3.6433   -98.774   -3.6442   -99.044   -5.7968   -20.502   
3720000000  -19.961   -124.15   -3.631   -102.04   -3.6017   -102.4   -5.8672   -26.516   
3721000000  -20.057   -128.15   -3.5937   -105.47   -3.5927   -105.71   -5.9655   -32.495   
3722000000  -20.126   -132.01   -3.5497   -108.71   -3.5436   -109.13   -6.0101   -38.662   
3723000000  -20.238   -135.66   -3.5336   -112.06   -3.5424   -112.39   -6.1052   -44.618   
3724000000  -20.284   -139.78   -3.51   -115.52   -3.4933   -115.7   -6.1736   -50.823   
3725000000  -20.387   -143.29   -3.4624   -118.76   -3.4746   -119.01   -6.2578   -57.244   
3726000000  -20.449   -147.24   -3.4546   -121.99   -3.4516   -122.38   -6.3323   -63.511   
3727000000  -20.544   -150.85   -3.4136   -125.32   -3.4155   -125.68   -6.4102   -69.951   
3728000000  -20.625   -154.8   -3.3955   -128.61   -3.3925   -129.02   -6.5048   -76.413   
3729000000  -20.691   -158.54   -3.372   -131.92   -3.3728   -132.3   -6.5889   -82.955   
3730000000  -20.786   -162.32   -3.3392   -135.28   -3.3445   -135.55   -6.6568   -89.615   
3731000000  -20.852   -165.84   -3.3162   -138.48   -3.3255   -138.87   -6.742   -96.343   
3732000000  -20.941   -169.66   -3.2918   -141.74   -3.3   -142.18   -6.8209   -103.22   
3733000000  -21.014   -173.51   -3.2577   -145.08   -3.2714   -145.47   -6.8978   -110.07   
3734000000  -21.114   -177.29   -3.2375   -148.36   -3.2434   -148.77   -6.9422   -117   
3735000000  -21.161    178.82   -3.2185   -151.5   -3.2356   -151.89   -7.022   -124   
3736000000  -21.242    175.05   -3.1845   -154.78   -3.2058   -155.26   -7.0672   -131.11   
3737000000  -21.311    171.28   -3.1641   -158.03   -3.1875   -158.51   -7.1051   -138.35   
3738000000  -21.408    167.11   -3.148   -161.33   -3.1643   -161.68   -7.1359   -145.55   
3739000000  -21.486    163.34   -3.1138   -164.51   -3.1291   -164.95   -7.1525   -152.59   
3740000000  -21.549    159.35   -3.0792   -167.75   -3.1126   -168.14   -7.1696   -159.74   
3741000000  -21.635    155.39   -3.0453   -171.11   -3.1007   -171.35   -7.2018   -167.1   
3742000000  -21.704    151.52   -3.0371   -174.23   -3.0668   -174.65   -7.213   -174.27   
3743000000  -21.794    147.35   -3.024   -177.44   -3.0634   -177.71   -7.19    178.52   
3744000000  -21.878    143.22   -2.9947    179.36   -3.0292    179.03   -7.1954    171.29   
3745000000  -21.914    139.33   -2.9762    176.1   -3.0008    175.88   -7.1788    164.16   
3746000000  -21.943    135.24   -2.9377    172.89   -2.9843    172.63   -7.1769    157.03   
3747000000  -21.991    131.38   -2.912    169.65   -2.9557    169.41   -7.1768    149.93   
3748000000  -22.049    127.39   -2.9079    166.59   -2.9319    166.28   -7.1437    142.79   
3749000000  -22.097    122.98   -2.8828    163.18   -2.9109    163.14   -7.1807    135.72   
3750000000  -22.098    118.96   -2.8627    160.12   -2.8925    159.91   -7.1605    128.7   
3751000000  -22.135    115.09   -2.8398    156.88   -2.8646    156.77   -7.1703    121.67   
3752000000  -22.116    110.98   -2.8127    153.59   -2.8377    153.6   -7.1599    114.55   
3753000000  -22.156    106.74   -2.7979    150.37   -2.8173    150.38   -7.1632    107.48   
3754000000  -22.093    102.86   -2.7737    147.32   -2.7972    147.27   -7.1677    100.52   
3755000000  -22.122    99.032   -2.7568    143.98   -2.7611    144.07   -7.1381    93.506   
3756000000  -22.066    95.006   -2.7355    140.97   -2.7392    140.91   -7.1556    86.615   
3757000000  -22.035    90.849   -2.7232    137.87   -2.7275    137.78   -7.1269    79.673   
3758000000  -21.976    86.91   -2.7019    134.69   -2.6931    134.57   -7.1173    72.789   
3759000000  -21.94    82.969   -2.6818    131.49   -2.6772    131.45   -7.0992    65.926   
3760000000  -21.879    79.379   -2.6399    128.43   -2.6559    128.27   -7.0791    59.204   
3761000000  -21.843    75.383   -2.6345    125.18   -2.6315    125.12   -7.0559    52.755   
3762000000  -21.773    71.513   -2.6119    122.16   -2.6157    121.97   -7.029    46.092   
3763000000  -21.703    67.739   -2.6108    118.94   -2.5897    118.87   -7.0172    39.898   
3764000000  -21.598    64.042   -2.6022    115.81   -2.5703    115.74   -6.9864    33.427   
3765000000  -21.546    60.318   -2.5742    112.7   -2.5508    112.57   -6.976    27.194   
3766000000  -21.465    56.637   -2.5543    109.54   -2.5381    109.44   -6.9644    21.15   
3767000000  -21.405    52.87   -2.537    106.52   -2.5133    106.37   -6.9635    15.054   
3768000000  -21.321    49.437   -2.5099    103.51   -2.4913    103.23   -6.9799    9.2766   
3769000000  -21.261    45.871   -2.4958    100.3   -2.4713    100.17   -6.9886    3.3316   
3770000000  -21.208    42.347   -2.4804    97.256   -2.4493    97.005   -7.0086   -2.3566   
3771000000  -21.168    38.831   -2.4567    94.209   -2.4312    93.923   -7.0313   -8.1779   
3772000000  -21.09    35.539   -2.4224    91.079   -2.4262    90.828   -7.0478   -13.748   
3773000000  -21.07    32.202   -2.4078    88.009   -2.3933    87.863   -7.1004   -19.266   
3774000000  -21.021    28.86   -2.3995    84.838   -2.3595    84.705   -7.1549   -24.821   
3775000000  -20.991    25.73   -2.3551    81.917   -2.3461    81.681   -7.1946   -30.185   
3776000000  -20.954    22.379   -2.3459    78.904   -2.3223    78.545   -7.2443   -35.651   
3777000000  -20.931    19.384   -2.3142    75.856   -2.3137    75.458   -7.3156   -41.02   
3778000000  -20.912    16.271   -2.2954    72.681   -2.2865    72.405   -7.3803   -46.412   
3779000000  -20.919    13.019   -2.2651    69.674   -2.2655    69.241   -7.4282   -51.828   
3780000000  -20.879    10.378   -2.229    66.518   -2.2449    66.294   -7.514   -57.023   
3781000000  -20.888    7.3018   -2.227    63.689   -2.2169    63.171   -7.5689   -62.301   
3782000000  -20.858    4.2599   -2.1856    60.476   -2.1836    60.027   -7.6511   -67.493   
3783000000  -20.905    1.7386   -2.1875    57.368   -2.1869    57.014   -7.7316   -72.353   
3784000000  -20.739   -1.1989   -2.1544    54.281   -2.1622    54.046   -7.7684   -77.496   
3785000000  -20.778   -4.4165   -2.1229    51.27   -2.1373    50.977   -7.8564   -82.492   
3786000000  -20.717   -7.5366   -2.0986    48.252   -2.0924    47.833   -7.9295   -87.696   
3787000000  -20.709   -10.638   -2.0896    45.24   -2.0886    44.74   -8.0533   -92.598   
3788000000  -20.719   -13.81   -2.0485    42.157   -2.0741    41.677   -8.1289   -97.505   
3789000000  -20.699   -16.941   -2.0323    38.989   -2.0313    38.666   -8.2174   -102.44   
3790000000  -20.697   -20.376   -2.0028    36.024   -2.0062    35.656   -8.3249   -107.26   
3791000000  -20.703   -23.555   -1.9765    32.841   -1.9934    32.521   -8.428   -111.92   
3792000000  -20.708   -26.827   -1.9529    29.861   -1.9625    29.447   -8.5192   -116.92   
3793000000  -20.699   -30.144   -1.9226    26.831   -1.9372    26.465   -8.622   -121.73   
3794000000  -20.766   -33.581   -1.8943    23.684   -1.9182    23.312   -8.7938   -126.5   
3795000000  -20.797   -36.67   -1.8749    20.745   -1.9004    20.233   -8.8965   -130.9   
3796000000  -20.81   -40.117   -1.8645    17.644   -1.8715    17.238   -8.983   -135.83   
3797000000  -20.847   -43.227   -1.8359    14.705   -1.8525    14.17   -9.1109   -140.47   
3798000000  -20.849   -46.991   -1.7823    11.537   -1.8295    11.143   -9.2361   -145.13   
3799000000  -20.897   -50.083   -1.7707    8.5776   -1.8031    8.101   -9.3567   -149.85   
3800000000  -20.934   -53.697   -1.7533    5.5289   -1.785    4.9837   -9.489   -154.4   

