! Network Analyzer HP8720ES.07.62: Oct 06, 1999 Serial No. US39172126
! Hewlett-Packard
! 10 Feb 2011  10:37:32
! Frequency       S11                S21                S12                S22
# HZ  S  DB R  1 
3600000000  -8.5072   -37.511   -5.4372    105.59   -5.4692    105.56   -6.405    48.978   
3601000000  -8.5247   -40.428   -5.4388    102.22   -5.4899    102.31   -6.4298    42.946   
3602000000  -8.5488   -43.451   -5.4724    98.785   -5.4869    98.979   -6.4618    37.193   
3603000000  -8.5653   -46.357   -5.4899    95.473   -5.5149    95.68   -6.4902    31.227   
3604000000  -8.6203   -49.275   -5.5407    92.455   -5.5372    92.368   -6.5177    25.27   
3605000000  -8.6496   -52.13   -5.5536    89.111   -5.5823    89.132   -6.5468    19.237   
3606000000  -8.685   -55.094   -5.5866    85.788   -5.5778    85.816   -6.5874    13.273   
3607000000  -8.7034   -58.156   -5.6165    82.536   -5.6119    82.536   -6.6345    7.3073   
3608000000  -8.7306   -61.166   -5.6518    79.236   -5.6561    79.332   -6.6764    1.2483   
3609000000  -8.7618   -64.171   -5.6761    75.907   -5.6847    75.983   -6.7161   -4.8944   
3610000000  -8.7768   -67.173   -5.711    72.705   -5.7173    72.736   -6.7674   -11.088   
3611000000  -8.8247   -70.175   -5.7699    69.668   -5.7545    69.462   -6.7818   -17.394   
3612000000  -8.8361   -73.269   -5.7918    66.309   -5.7847    66.197   -6.8153   -23.456   
3613000000  -8.866   -76.363   -5.8182    63.096   -5.8025    63.018   -6.8379   -29.685   
3614000000  -8.9044   -79.422   -5.8733    59.925   -5.8473    59.768   -6.8795   -35.982   
3615000000  -8.9351   -82.529   -5.8869    56.617   -5.8813    56.592   -6.8842   -42.219   
3616000000  -8.9677   -85.607   -5.9473    53.536   -5.9419    53.347   -6.9137   -48.404   
3617000000  -8.9978   -88.786   -5.9748    50.319   -5.9618    50.065   -6.9462   -54.778   
3618000000  -9.019   -91.887   -6.0218    47.216   -6.0241    47.008   -6.9569   -61.169   
3619000000  -9.0567   -95.109   -6.0667    44.098   -6.0509    43.83   -6.9594   -67.53   
3620000000  -9.0908   -98.249   -6.124    41.09   -6.099    40.71   -6.9966   -73.72   
3621000000  -9.1234   -101.46   -6.1648    37.833   -6.1237    37.533   -7.0435   -80.011   
3622000000  -9.1569   -104.67   -6.2056    34.731   -6.1779    34.489   -7.0553   -86.407   
3623000000  -9.1779   -107.92   -6.2465    31.785   -6.2406    31.426   -7.0842   -92.622   
3624000000  -9.214   -111.24   -6.309    28.699   -6.2886    28.416   -7.1122   -99.121   
3625000000  -9.2412   -114.49   -6.336    25.664   -6.3403    25.359   -7.1417   -105.62   
3626000000  -9.285   -117.82   -6.3879    22.72   -6.3678    22.554   -7.1783   -112.01   
3627000000  -9.3077   -121.12   -6.4354    19.686   -6.4292    19.528   -7.2138   -118.57   
3628000000  -9.3398   -124.52   -6.4708    16.806   -6.4837    16.662   -7.2724   -124.98   
3629000000  -9.3827   -127.88   -6.5287    13.88   -6.5239    13.758   -7.31   -131.6   
3630000000  -9.4235   -131.28   -6.5628    11.132   -6.57    10.868   -7.345   -138.43   
3631000000  -9.4691   -134.84   -6.5996    8.2439   -6.6115    8.0667   -7.4038   -145.01   
3632000000  -9.5201   -138.14   -6.6374    5.4066   -6.6391    5.246   -7.4324   -151.85   
3633000000  -9.5675   -141.7   -6.6719    2.8207   -6.674    2.5722   -7.4685   -158.64   
3634000000  -9.6194   -145.2   -6.6836    .1139   -6.6913   -.1318   -7.5033   -165.4   
3635000000  -9.6565   -148.82   -6.6907   -2.7205   -6.7062   -2.7946   -7.536   -172.21   
3636000000  -9.7371   -152.43   -6.7074   -5.2679   -6.7068   -5.5344   -7.5581   -179.14   
3637000000  -9.8042   -156.11   -6.7016   -8.0338   -6.7025   -8.1642   -7.6038    174.05   
3638000000  -9.8697   -159.77   -6.698   -10.747   -6.7018   -10.817   -7.617    167.15   
3639000000  -9.9382   -163.51   -6.6639   -13.388   -6.6766   -13.473   -7.6394    160.36   
3640000000  -10.03   -167.28   -6.6475   -16.102   -6.6503   -16.147   -7.6664    153.58   
3641000000  -10.109   -171.02   -6.6155   -18.795   -6.6101   -18.798   -7.6519    146.78   
3642000000  -10.21   -174.86   -6.5974   -21.352   -6.5405   -21.603   -7.6665    139.98   
3643000000  -10.303   -178.61   -6.5154   -24.243   -6.5088   -24.343   -7.6693    133.33   
3644000000  -10.408    177.52   -6.4589   -27.12   -6.4643   -27.228   -7.6773    126.65   
3645000000  -10.532    173.59   -6.3939   -29.869   -6.4033   -30.012   -7.663    119.97   
3646000000  -10.651    169.75   -6.3325   -32.823   -6.3171   -33.017   -7.6291    113.26   
3647000000  -10.783    165.88   -6.259   -35.773   -6.2531   -35.913   -7.6181    106.72   
3648000000  -10.921    162.04   -6.2034   -38.971   -6.1904   -38.962   -7.5823    100.03   
3649000000  -11.066    158.05   -6.1016   -41.858   -6.118   -41.966   -7.5275    93.498   
3650000000  -11.202    154.22   -6.0542   -44.927   -6.0302   -45.103   -7.4818    86.825   
3651000000  -11.335    150.21   -5.9857   -48.148   -5.9757   -48.23   -7.4272    80.392   
3652000000  -11.499    146.24   -5.9182   -51.303   -5.8951   -51.433   -7.3603    73.791   
3653000000  -11.653    142.34   -5.8555   -54.598   -5.8369   -54.638   -7.31    67.304   
3654000000  -11.774    138.45   -5.7833   -57.809   -5.7641   -58.009   -7.215    60.631   
3655000000  -11.948    134.46   -5.7284   -61.055   -5.7179   -61.234   -7.1412    54.113   
3656000000  -12.107    130.44   -5.6652   -64.455   -5.6528   -64.476   -7.0573    47.369   
3657000000  -12.263    126.37   -5.6197   -67.909   -5.5922   -67.856   -6.9583    40.779   
3658000000  -12.418    122.45   -5.5726   -71.104   -5.5458   -71.423   -6.8429    34.007   
3659000000  -12.574    118.47   -5.5283   -74.637   -5.5015   -74.754   -6.7558    27.289   
3660000000  -12.725    114.47   -5.4782   -78.051   -5.4733   -78.151   -6.6459    20.61   
3661000000  -12.875    110.44   -5.4406   -81.454   -5.4265   -81.491   -6.517    13.681   
3662000000  -13.038    106.46   -5.4096   -84.876   -5.379   -85.07   -6.4161    7.0326   
3663000000  -13.179    102.42   -5.3845   -88.278   -5.3553   -88.451   -6.3125    .2224   
3664000000  -13.332    98.418   -5.3623   -91.627   -5.3138   -92.03   -6.2137   -6.6508   
3665000000  -13.471    94.41   -5.3218   -95.044   -5.2983   -95.36   -6.0734   -13.473   
3666000000  -13.621    90.386   -5.3217   -98.429   -5.282   -98.849   -5.9513   -20.369   
3667000000  -13.764    86.39   -5.2937   -101.92   -5.2638   -102.27   -5.8379   -27.013   
3668000000  -13.922    82.263   -5.2668   -105.43   -5.2436   -105.74   -5.7196   -33.804   
3669000000  -14.059    78.313   -5.2779   -108.77   -5.2515   -109.14   -5.5994   -40.699   
3670000000  -14.195    74.198   -5.248   -112.24   -5.2246   -112.58   -5.4799   -47.425   
3671000000  -14.314    70.229   -5.2357   -115.6   -5.2158   -116.01   -5.3502   -54.126   
3672000000  -14.465    66.121   -5.2141   -119.26   -5.2054   -119.42   -5.2373   -60.874   
3673000000  -14.58    62.176   -5.2186   -122.52   -5.1945   -122.98   -5.1459   -67.495   
3674000000  -14.72    58.125   -5.2093   -125.86   -5.2117   -126.38   -5.0415   -74.117   
3675000000  -14.849    54.141   -5.2122   -129.44   -5.1791   -129.74   -4.9292   -80.614   
3676000000  -14.982    50.135   -5.2111   -132.68   -5.1932   -133.15   -4.8517   -87.212   
3677000000  -15.117    46.093   -5.1906   -136.26   -5.2034   -136.65   -4.766   -93.734   
3678000000  -15.247    42.076   -5.1978   -139.54   -5.1936   -139.93   -4.6973   -100.16   
3679000000  -15.37    38.175   -5.2101   -143   -5.2023   -143.38   -4.6342   -106.51   
3680000000  -15.509    34.166   -5.1817   -146.39   -5.2118   -146.84   -4.5622   -113.16   
3681000000  -15.61    30.232   -5.1986   -149.81   -5.2204   -150.22   -4.4858   -119.45   
3682000000  -15.747    26.303   -5.1991   -153.22   -5.2228   -153.59   -4.4311   -126.01   
3683000000  -15.873    22.316   -5.2054   -156.54   -5.2349   -157.05   -4.3839   -132.26   
3684000000  -16.005    18.338   -5.2001   -159.98   -5.2473   -160.45   -4.3195   -138.59   
3685000000  -16.123    14.392   -5.2079   -163.48   -5.2462   -163.67   -4.2745   -144.91   
3686000000  -16.244    10.577   -5.2159   -166.85   -5.2566   -167.11   -4.2173   -151.17   
3687000000  -16.365    6.7744   -5.2215   -170.21   -5.261   -170.61   -4.171   -157.41   
3688000000  -16.492    2.7686   -5.2479   -173.58   -5.3   -173.82   -4.122   -163.45   
3689000000  -16.614   -1.1247   -5.2513   -176.94   -5.3067   -177.17   -4.0593   -169.64   
3690000000  -16.725   -5.0551   -5.2712    179.68   -5.3403    179.4   -4.0183   -175.71   
3691000000  -16.853   -9.0527   -5.2627    176.26   -5.34    176.12   -3.9785    178.26   
3692000000  -16.991   -12.777   -5.2778    173.06   -5.3401    172.79   -3.9471    172.34   
3693000000  -17.111   -16.779   -5.2898    169.58   -5.3443    169.44   -3.8969    166.27   
3694000000  -17.26   -20.915   -5.3313    166.1   -5.3734    166.17   -3.8679    160.37   
3695000000  -17.365   -24.787   -5.3161    162.68   -5.3804    162.81   -3.8275    154.57   
3696000000  -17.493   -28.721   -5.3531    159.43   -5.3935    159.52   -3.8106    148.7   
3697000000  -17.611   -32.683   -5.3655    156.17   -5.4032    156.16   -3.7735    142.87   
3698000000  -17.742   -36.628   -5.3933    152.86   -5.4248    152.86   -3.7518    137.11   
3699000000  -17.852   -40.615   -5.4045    149.5   -5.4394    149.56   -3.7385    131.22   
3700000000  -17.97   -44.695   -5.4158    146.07   -5.4406    146.21   -3.7057    125.44   
3701000000  -18.074   -48.551   -5.4385    142.78   -5.4637    142.89   -3.673    119.68   
3702000000  -18.22   -52.693   -5.4658    139.48   -5.4845    139.65   -3.6766    114.11   
3703000000  -18.338   -56.72   -5.4912    136.31   -5.4921    136.29   -3.6679    108.27   
3704000000  -18.453   -60.724   -5.5095    132.81   -5.4999    133.05   -3.6504    102.66   
3705000000  -18.563   -64.814   -5.5154    129.56   -5.5254    129.68   -3.6525    96.952   
3706000000  -18.676   -68.831   -5.5495    126.32   -5.5474    126.44   -3.6146    91.132   
3707000000  -18.777   -72.779   -5.558    123.04   -5.5586    123.08   -3.6158    85.475   
3708000000  -18.869   -76.995   -5.5806    119.67   -5.5936    119.79   -3.6201    79.917   
3709000000  -19.001   -80.94   -5.6048    116.34   -5.5913    116.43   -3.6068    74.206   
3710000000  -19.1   -84.966   -5.6033    113.04   -5.6145    113.11   -3.597    68.607   
3711000000  -19.201   -88.965   -5.6444    109.81   -5.6277    110   -3.5896    62.895   
3712000000  -19.287   -93.069   -5.6559    106.39   -5.6347    106.64   -3.5745    57.358   
3713000000  -19.399   -97.055   -5.6751    103.25   -5.6577    103.24   -3.587    51.63   
3714000000  -19.473   -101.16   -5.6678    99.826   -5.6746    100.04   -3.5759    46.162   
3715000000  -19.599   -104.74   -5.7269    96.582   -5.6952    96.765   -3.5836    40.556   
3716000000  -19.661   -109.03   -5.719    93.355   -5.7066    93.307   -3.5826    34.897   
3717000000  -19.736   -112.88   -5.7482    90.062   -5.7145    90.034   -3.5767    29.347   
3718000000  -19.842   -116.74   -5.7535    86.726   -5.7382    86.793   -3.5987    23.776   
3719000000  -19.931   -120.71   -5.7759    83.411   -5.7682    83.478   -3.6051    18.119   
3720000000  -20.012   -124.47   -5.8133    80.281   -5.7928    80.138   -3.6334    12.674   
3721000000  -20.106   -128.45   -5.8215    76.906   -5.8092    76.826   -3.6486    6.8774   
3722000000  -20.2   -132.32   -5.8173    73.641   -5.8113    73.493   -3.6368    1.4804   
3723000000  -20.255   -135.97   -5.8632    70.337   -5.8416    70.205   -3.6677   -4.1597   
3724000000  -20.366   -139.97   -5.8814    67.023   -5.8497    66.997   -3.6984   -9.7408   
3725000000  -20.443   -143.61   -5.8981    63.75   -5.8694    63.693   -3.7278   -15.323   
3726000000  -20.515   -147.58   -5.9139    60.392   -5.8949    60.34   -3.7466   -20.995   
3727000000  -20.604   -151.06   -5.9305    57.184   -5.9209    57.086   -3.7908   -26.645   
3728000000  -20.732   -154.93   -5.9672    53.884   -5.9349    53.817   -3.8343   -32.378   
3729000000  -20.786   -158.76   -5.978    50.668   -5.9524    50.414   -3.8737   -38.092   
3730000000  -20.906   -162.61   -6.0054    47.34   -5.9775    47.193   -3.9144   -43.511   
3731000000  -20.97   -166.14   -6.0271    44.05   -6.0072    43.888   -3.9651   -49.399   
3732000000  -21.073   -169.95   -6.0572    40.824   -6.0264    40.544   -4.019   -55.215   
3733000000  -21.141   -173.67   -6.0715    37.536   -6.0443    37.222   -4.0973   -60.824   
3734000000  -21.242   -177.54   -6.094    34.136   -6.0681    33.848   -4.1246   -66.463   
3735000000  -21.317    178.76   -6.1136    30.98   -6.1037    30.692   -4.2144   -72.279   
3736000000  -21.421    175.17   -6.135    27.794   -6.126    27.304   -4.2679   -78.121   
3737000000  -21.507    171.27   -6.1585    24.447   -6.1414    24.049   -4.3381   -83.867   
3738000000  -21.571    167.4   -6.1838    21.109   -6.1642    20.8   -4.4068   -89.648   
3739000000  -21.657    163.47   -6.2028    17.891   -6.2181    17.53   -4.4742   -95.425   
3740000000  -21.745    159.74   -6.2226    14.707   -6.2358    14.226   -4.5517   -101.13   
3741000000  -21.833    155.82   -6.2546    11.435   -6.2612    10.956   -4.6343   -106.97   
3742000000  -21.875    151.72   -6.2651    8.0338   -6.2766    7.6396   -4.7403   -112.77   
3743000000  -21.949    148.02   -6.2957    4.8642   -6.3058    4.5401   -4.7963   -118.47   
3744000000  -22.016    143.9   -6.3103    1.5779   -6.3312    1.2222   -4.8978   -124.14   
3745000000  -22.084    139.92   -6.3335   -1.6672   -6.3689   -2.097   -5.0046   -129.93   
3746000000  -22.146    135.83   -6.3607   -5.0359   -6.3906   -5.3641   -5.1079   -135.63   
3747000000  -22.171    132.08   -6.3753   -8.3167   -6.4071   -8.5941   -5.2231   -141.37   
3748000000  -22.238    127.91   -6.4124   -11.446   -6.4353   -11.873   -5.3438   -147.01   
3749000000  -22.246    123.97   -6.425   -14.77   -6.4503   -15.11   -5.4504   -152.65   
3750000000  -22.282    119.88   -6.4466   -18.026   -6.4796   -18.39   -5.5965   -158.14   
3751000000  -22.279    116.05   -6.4747   -21.419   -6.497   -21.629   -5.7354   -163.88   
3752000000  -22.312    111.87   -6.4899   -24.78   -6.5267   -24.84   -5.9059   -169.42   
3753000000  -22.29    107.75   -6.5138   -28.04   -6.5499   -28.161   -6.0347   -175.03   
3754000000  -22.29    103.78   -6.5201   -31.319   -6.5737   -31.406   -6.2023    179.4   
3755000000  -22.251    99.875   -6.5548   -34.715   -6.596   -34.614   -6.3474    173.82   
3756000000  -22.2    95.875   -6.5826   -37.955   -6.6268   -38.024   -6.5241    168.17   
3757000000  -22.194    91.902   -6.6097   -41.18   -6.652   -41.313   -6.6954    162.55   
3758000000  -22.159    87.937   -6.6402   -44.552   -6.6608   -44.5   -6.8637    156.9   
3759000000  -22.078    84.054   -6.6673   -47.902   -6.7017   -47.771   -7.062    151.38   
3760000000  -22.033    80.285   -6.6877   -51.103   -6.732   -51.152   -7.2265    145.75   
3761000000  -22.008    76.485   -6.7076   -54.441   -6.7447   -54.435   -7.3831    140.08   
3762000000  -21.924    72.739   -6.7405   -57.827   -6.7805   -57.77   -7.5753    134.46   
3763000000  -21.872    68.853   -6.7925   -61.03   -6.7963   -61.095   -7.7276    128.84   
3764000000  -21.787    65.207   -6.8096   -64.422   -6.8351   -64.365   -7.8997    123.31   
3765000000  -21.73    61.53   -6.8576   -67.75   -6.8628   -67.646   -8.0635    117.61   
3766000000  -21.663    57.932   -6.888   -71.161   -6.8917   -71.005   -8.1948    112   
3767000000  -21.599    54.278   -6.932   -74.347   -6.9198   -74.334   -8.349    106.44   
3768000000  -21.524    50.868   -6.9438   -77.702   -6.9534   -77.557   -8.4964    101.08   
3769000000  -21.448    47.464   -6.9898   -81.042   -6.9815   -80.888   -8.6136    95.381   
3770000000  -21.391    44.04   -7.0289   -84.33   -7.0141   -84.283   -8.7483    89.929   
3771000000  -21.335    40.611   -7.0565   -87.624   -7.0523   -87.531   -8.8548    84.411   
3772000000  -21.254    37.384   -7.0906   -90.967   -7.0816   -90.851   -8.9442    78.832   
3773000000  -21.207    34.118   -7.1332   -94.223   -7.1461   -94.209   -9.0925    73.151   
3774000000  -21.168    30.859   -7.1905   -97.59   -7.1772   -97.52   -9.1701    67.775   
3775000000  -21.109    27.625   -7.2117   -100.83   -7.2195   -100.84   -9.2614    62.144   
3776000000  -21.058    24.342   -7.2731   -104.09   -7.2451   -104.18   -9.3344    56.523   
3777000000  -21.007    21.23   -7.3099   -107.44   -7.2893   -107.41   -9.3963    50.964   
3778000000  -20.967    18.052   -7.3362   -110.79   -7.3415   -110.77   -9.4629    45.155   
3779000000  -20.946    14.726   -7.3819   -114.04   -7.3853   -114.12   -9.5004    39.166   
3780000000  -20.924    12.005   -7.4314   -117.3   -7.4425   -117.17   -9.5705    33.545   
3781000000  -20.9    8.8083   -7.4868   -120.38   -7.4785   -120.58   -9.5901    27.705   
3782000000  -20.881    5.75   -7.507   -123.78   -7.4961   -123.92   -9.5788    21.596   
3783000000  -20.919    2.9622   -7.5322   -127.21   -7.5517   -127.21   -9.5732    15.573   
3784000000  -20.762    .1428   -7.6297   -130.46   -7.6142   -130.49   -9.5614    9.4785   
3785000000  -20.783   -3.3865   -7.6771   -133.63   -7.6611   -133.72   -9.4963    3.1792   
3786000000  -20.759   -6.5575   -7.7195   -136.88   -7.6932   -137.03   -9.4804   -3.0927   
3787000000  -20.753   -9.7668   -7.7755   -140.13   -7.7602   -140.24   -9.3758   -9.1365   
3788000000  -20.781   -12.857   -7.8217   -143.39   -7.8383   -143.56   -9.2659   -15.688   
3789000000  -20.761   -16.074   -7.8777   -146.73   -7.8612   -146.72   -9.1563   -22.453   
3790000000  -20.759   -19.251   -7.9301   -149.88   -7.9157   -149.98   -9.0337   -29.125   
3791000000  -20.785   -22.464   -7.9803   -153.16   -7.9765   -153.22   -8.8875   -35.744   
3792000000  -20.785   -25.714   -8.0398   -156.28   -8.0151   -156.61   -8.7129   -42.873   
3793000000  -20.767   -29.044   -8.0888   -159.67   -8.086   -159.75   -8.5521   -49.743   
3794000000  -20.853   -32.378   -8.1728   -162.88   -8.1515   -163.05   -8.3705   -57.027   
3795000000  -20.855   -35.445   -8.2071   -165.84   -8.1996   -166.14   -8.1848   -64.21   
3796000000  -20.897   -38.702   -8.2974   -169.18   -8.2459   -169.39   -7.9346   -71.561   
3797000000  -20.898   -41.751   -8.3571   -172.2   -8.312   -172.6   -7.7007   -78.826   
3798000000  -20.907   -45.328   -8.3594   -175.56   -8.3619   -175.75   -7.4404   -86.211   
3799000000  -20.952   -48.852   -8.4195   -178.59   -8.4187   -178.99   -7.1695   -93.737   
3800000000  -20.973   -52.218   -8.4901    178.26   -8.4831    177.8   -6.889   -101.3   

